00011000
00100100
01100010
01000010
01000010
01100100
00100100
00011000

00001000
00011000
00111000
00001000
00001000
00001000
00001000
00011100

00011100
01100100
01000100
00001000
00110000
01000000
01000000
0111l100

00111000
01001100
00000100
00011000
00110000
00001100
00000100
01111000

00000000
01001000
01001000
01001000
01111110
00001000
00001000
00011000

00000000
00111100
00100000
00110000
00001100
00000010
00000010
00111100

00000000
00010000
00100000
01000000
01011100
01100010
00100100
00011000

00000000
01111110
00000100
00001000
00001000
00001000
00010000
00110000

00111100
01000010
01000010
00111100
00100100
01000010
01000010
00111100

00000000
00011000
00100100
01000100
00111100
00000100
00000100
00000100

00010000
00101000
00100100
01000110
01111110
01000010
01000010
01000010

00000000
01111000
01000100
01000010
01111100
01000010
01000100
01111000

00000000
00011100
01100000
01000000
01000000
01000000
01100000
00111100

00000000
01110000
01001000
01000100
01000010
01000110
01001000
00110000

00000000
01111110
01000000
01000000
01111110
01000000
01000000
01111110

00000000
01111110
01000000
01000000
01111110
01000000
01000000
01000000

00000000
00000000
00000000
00000000
00000000
00000000
00000000
00000000

00000000
00000000
00000000
00000000
00000000
00000000
00000000
00000000

00000000
00000000
00000000
00000000
00000000
00000000
00000000
00000000

00000000
00000000
00000000
00000000
00000000
00000000
00000000
00000000

00000000
00000000
00000000
00000000
00000000
00000000
00000000
00000000

00000000
00000000
00000000
00000000
00000000
00000000
00000000
00000000

00000000
00000000
00000000
00000000
00000000
00000000
00000000
00000000

00000000
00000000
00000000
00000000
00000000
00000000
00000000
00000000

00000000
00000000
00000000
00000000
00000000
00000000
00000000
00000000

00000000
00000000
00000000
00000000
00000000
00000000
00000000
00000000

00000000
00000000
00000000
00000000
00000000
00000000
00000000
00000000

00000000
00000000
00000000
00000000
00000000
00000000
00000000
00000000

00000000
00000000
00000000
00000000
00000000
00000000
00000000
00000000

00000000
00000000
00000000
00000000
00000000
00000000
00000000
00000000

00000000
00000000
00000000
00000000
00000000
00000000
00000000
00000000

00000000
00000000
00000000
00000000
00000000
00000000
00000000
00000000
